=== Pareto optimal combinations (T=9) ===
r=[2 0 3 3 2 1 3 3 2 ], S=[1 2 0 3 0 0 0 0 0 ], p_pi=0.0312500, lambda_pi=7, delta_pi=0.2343750
r=[2 1 0 3 1 2 2 3 1 ], S=[1 0 2 3 1 0 0 0 0 ], p_pi=0.0312500, lambda_pi=7, delta_pi=0.2343750
r=[0 0 0 3 1 1 3 1 0 ], S=[0 3 2 1 2 0 0 0 0 ], p_pi=0.0312500, lambda_pi=7, delta_pi=0.2343750
r=[3 0 3 1 1 0 3 3 2 ], S=[0 1 2 1 0 1 0 0 0 ], p_pi=0.0390625, lambda_pi=7, delta_pi=0.2187500
r=[0 2 0 2 0 3 1 1 0 ], S=[1 3 3 1 1 1 0 0 0 ], p_pi=0.0312500, lambda_pi=7, delta_pi=0.2343750
r=[2 0 0 3 0 0 1 2 3 ], S=[3 0 2 0 2 1 0 0 0 ], p_pi=0.0312500, lambda_pi=7, delta_pi=0.2343750
r=[1 2 1 0 0 1 1 0 1 ], S=[1 2 2 3 2 1 0 0 0 ], p_pi=0.0390625, lambda_pi=7, delta_pi=0.2187500
r=[3 0 3 0 1 2 1 1 3 ], S=[0 3 2 0 3 1 0 0 0 ], p_pi=0.0312500, lambda_pi=7, delta_pi=0.2343750
r=[3 0 3 2 2 0 1 3 3 ], S=[1 2 3 1 3 1 0 0 0 ], p_pi=0.0312500, lambda_pi=7, delta_pi=0.2343750
r=[3 2 3 0 1 0 1 2 0 ], S=[0 2 3 2 3 1 0 0 0 ], p_pi=0.0312500, lambda_pi=7, delta_pi=0.2343750
r=[1 0 3 1 2 3 3 0 3 ], S=[2 1 0 1 0 2 0 0 0 ], p_pi=0.0312500, lambda_pi=7, delta_pi=0.2343750
r=[0 1 0 1 3 1 3 1 3 ], S=[1 0 3 0 1 2 0 0 0 ], p_pi=0.0312500, lambda_pi=7, delta_pi=0.2343750
r=[0 1 1 3 1 1 1 1 1 ], S=[0 1 3 1 1 2 0 0 0 ], p_pi=0.0312500, lambda_pi=7, delta_pi=0.2343750
r=[1 3 3 3 1 1 1 3 1 ], S=[3 3 2 3 3 2 0 0 0 ], p_pi=0.0312500, lambda_pi=7, delta_pi=0.2343750
r=[0 0 1 3 2 1 3 2 2 ], S=[0 0 2 1 1 3 0 0 0 ], p_pi=0.0312500, lambda_pi=7, delta_pi=0.2343750
r=[3 3 3 3 1 3 0 1 3 ], S=[3 2 3 3 2 3 0 0 0 ], p_pi=0.0312500, lambda_pi=7, delta_pi=0.2343750
r=[3 0 2 3 0 0 3 2 2 ], S=[3 3 3 0 3 3 0 0 0 ], p_pi=0.0312500, lambda_pi=7, delta_pi=0.2343750
r=[1 0 0 1 3 2 2 0 0 ], S=[0 2 3 0 0 0 1 0 0 ], p_pi=0.0312500, lambda_pi=7, delta_pi=0.2343750
r=[0 1 3 1 1 2 0 3 0 ], S=[0 0 0 1 0 0 1 0 0 ], p_pi=0.0312500, lambda_pi=7, delta_pi=0.2343750
r=[1 3 1 0 0 2 2 1 0 ], S=[2 0 1 1 0 0 1 0 0 ], p_pi=0.0312500, lambda_pi=7, delta_pi=0.2343750

=== Top 20 minimal p_pi (with r/S) ===
r=[1 3 3 0 2 2 3 0 2 ], S=[3 3 3 3 3 3 3 3 3 ], p_pi=0.0312500, lambda_pi=6, delta_pi=0.2500000
r=[1 3 1 3 1 0 2 3 0 ], S=[3 3 3 3 3 3 3 3 3 ], p_pi=0.0312500, lambda_pi=6, delta_pi=0.2656250
r=[0 2 2 1 3 0 3 0 0 ], S=[3 3 3 3 3 3 3 3 3 ], p_pi=0.0312500, lambda_pi=7, delta_pi=0.2968750
r=[2 3 3 0 3 2 3 1 3 ], S=[2 3 3 3 3 3 3 3 3 ], p_pi=0.0312500, lambda_pi=7, delta_pi=0.2968750
r=[1 0 2 3 0 2 2 0 2 ], S=[2 3 3 3 3 3 3 3 3 ], p_pi=0.0312500, lambda_pi=6, delta_pi=0.2656250
r=[0 3 1 3 3 3 0 2 0 ], S=[2 3 3 3 3 3 3 3 3 ], p_pi=0.0312500, lambda_pi=7, delta_pi=0.2968750
r=[2 0 3 3 0 3 1 0 0 ], S=[2 3 3 3 3 3 3 3 3 ], p_pi=0.0312500, lambda_pi=7, delta_pi=0.2812500
r=[2 0 3 3 0 0 2 1 3 ], S=[1 3 3 3 3 3 3 3 3 ], p_pi=0.0312500, lambda_pi=6, delta_pi=0.2812500
r=[1 0 3 0 3 0 1 2 1 ], S=[0 3 3 3 3 3 3 3 3 ], p_pi=0.0312500, lambda_pi=6, delta_pi=0.2656250
r=[0 3 2 3 0 2 3 1 0 ], S=[3 2 3 3 3 3 3 3 3 ], p_pi=0.0312500, lambda_pi=6, delta_pi=0.2656250
r=[0 0 0 0 1 2 0 3 0 ], S=[2 2 3 3 3 3 3 3 3 ], p_pi=0.0312500, lambda_pi=7, delta_pi=0.2656250
r=[3 2 2 2 0 2 1 3 2 ], S=[1 2 3 3 3 3 3 3 3 ], p_pi=0.0312500, lambda_pi=7, delta_pi=0.2812500
r=[0 0 0 0 1 0 3 0 0 ], S=[1 2 3 3 3 3 3 3 3 ], p_pi=0.0312500, lambda_pi=6, delta_pi=0.2968750
r=[0 1 3 2 0 0 0 2 2 ], S=[0 2 3 3 3 3 3 3 3 ], p_pi=0.0312500, lambda_pi=6, delta_pi=0.2656250
r=[1 2 2 2 0 1 3 2 0 ], S=[0 2 3 3 3 3 3 3 3 ], p_pi=0.0312500, lambda_pi=6, delta_pi=0.2968750
r=[3 3 2 0 3 0 0 0 0 ], S=[0 2 3 3 3 3 3 3 3 ], p_pi=0.0312500, lambda_pi=7, delta_pi=0.2812500
r=[0 2 3 0 0 3 1 2 3 ], S=[3 1 3 3 3 3 3 3 3 ], p_pi=0.0312500, lambda_pi=7, delta_pi=0.2656250
r=[2 0 3 0 2 2 1 3 0 ], S=[3 1 3 3 3 3 3 3 3 ], p_pi=0.0312500, lambda_pi=6, delta_pi=0.2500000
r=[2 2 3 2 2 3 0 3 3 ], S=[2 1 3 3 3 3 3 3 3 ], p_pi=0.0312500, lambda_pi=6, delta_pi=0.2656250
r=[3 0 0 0 1 0 3 0 3 ], S=[2 1 3 3 3 3 3 3 3 ], p_pi=0.0312500, lambda_pi=7, delta_pi=0.2500000

=== Top 20 minimal delta_pi (with r/S) ===
r=[2 3 2 1 3 0 3 1 0 ], S=[3 0 1 3 2 2 3 3 3 ], p_pi=0.0468750, lambda_pi=6, delta_pi=0.2187500
r=[0 3 2 1 3 3 3 3 3 ], S=[3 3 2 2 2 2 3 3 3 ], p_pi=0.0468750, lambda_pi=7, delta_pi=0.2187500
r=[3 0 2 1 0 2 3 3 2 ], S=[1 3 2 0 2 2 3 3 3 ], p_pi=0.0468750, lambda_pi=6, delta_pi=0.2187500
r=[0 1 0 2 2 1 0 0 3 ], S=[3 0 1 0 3 0 3 3 3 ], p_pi=0.0390625, lambda_pi=7, delta_pi=0.2187500
r=[0 3 3 0 0 1 2 0 1 ], S=[3 0 3 1 2 0 3 3 3 ], p_pi=0.0390625, lambda_pi=6, delta_pi=0.2187500
r=[3 0 1 2 0 0 0 3 0 ], S=[1 3 3 3 1 0 3 3 3 ], p_pi=0.0390625, lambda_pi=6, delta_pi=0.2187500
r=[2 3 2 1 1 2 2 1 2 ], S=[0 1 1 2 1 0 3 3 3 ], p_pi=0.0390625, lambda_pi=7, delta_pi=0.2187500
r=[1 1 1 3 1 3 3 0 3 ], S=[1 1 2 3 0 3 2 3 3 ], p_pi=0.0390625, lambda_pi=6, delta_pi=0.2187500
r=[2 0 2 3 1 1 2 1 2 ], S=[0 3 2 0 0 3 2 3 3 ], p_pi=0.0468750, lambda_pi=7, delta_pi=0.2187500
r=[3 3 3 1 2 2 1 1 3 ], S=[2 0 2 0 3 2 2 3 3 ], p_pi=0.0468750, lambda_pi=7, delta_pi=0.2187500
r=[3 1 0 3 0 3 2 1 3 ], S=[2 0 1 2 0 2 2 3 3 ], p_pi=0.0468750, lambda_pi=7, delta_pi=0.2187500
r=[0 0 2 1 2 2 3 2 0 ], S=[3 0 1 2 0 1 2 3 3 ], p_pi=0.0390625, lambda_pi=6, delta_pi=0.2187500
r=[1 2 2 0 2 1 0 2 1 ], S=[0 2 0 2 3 0 2 3 3 ], p_pi=0.0390625, lambda_pi=6, delta_pi=0.2187500
r=[1 1 1 0 0 1 1 3 1 ], S=[2 1 2 3 1 0 2 3 3 ], p_pi=0.0390625, lambda_pi=6, delta_pi=0.2187500
r=[1 2 3 2 3 2 3 1 0 ], S=[2 1 0 3 3 3 1 3 3 ], p_pi=0.0468750, lambda_pi=6, delta_pi=0.2187500
r=[2 0 3 2 0 3 0 1 1 ], S=[0 3 3 2 1 3 1 3 3 ], p_pi=0.0468750, lambda_pi=6, delta_pi=0.2187500
r=[0 3 0 3 2 2 0 3 0 ], S=[3 3 3 0 1 3 1 3 3 ], p_pi=0.0390625, lambda_pi=7, delta_pi=0.2187500
r=[0 1 0 1 1 0 2 3 3 ], S=[1 2 1 0 3 2 1 3 3 ], p_pi=0.0546875, lambda_pi=6, delta_pi=0.2187500
r=[3 2 3 1 3 0 3 1 3 ], S=[3 2 2 3 2 2 1 3 3 ], p_pi=0.0390625, lambda_pi=6, delta_pi=0.2187500
r=[2 1 1 0 1 2 0 1 2 ], S=[2 0 2 2 1 0 1 3 3 ], p_pi=0.0390625, lambda_pi=6, delta_pi=0.2187500

---
Checked combinations: 68719476736
Start time: Fri Oct 17 20:48:47 2025
End time:   Mon Oct 20 09:02:29 2025
Elapsed:    216822.00 sec
